vec = [0.0 0.0 8704.0;
0.039 1715.55 8684.95;
0.059 2835.72 8659.03;
0.141 3488.42 8511.35;
0.224 3188.53 8353.53;
0.373 3135.61 8085.2;
2.237 2998.9 4828.93;
2.905 2928.34 3701.41;
3.45 2769.57 2817.1;
3.462 2787.21 2798.11;
4.537 2407.94 1207.73;
4.804 1949.28 876.435;
5.165 1684.67 502.857;
5.511 1181.92 220.41;
6.013 313.12 6.68754;
6.088 0.0 0.0];
time = vec(:,1);
thrust = vec(:,2);
mass = vec(:,3);